-----------Maze-----------
S000000090
0000090000
9909090000
0000000009
0909000900
0900090000
0009909000
0009000000
9000000009
000000009G
-1
-----------Maze-----------
S200000090
0000090000
9909090000
0000000009
0909000900
0900090000
0009909000
0009000000
9000000009
000000009G
3
-----------Maze-----------
S200000090
0200090000
9909090000
0000000009
0909000900
0900090000
0009909000
0009000000
9000000009
000000009G
1
-----------Maze-----------
S200000090
0220090000
9909090000
0000000009
0909000900
0900090000
0009909000
0009000000
9000000009
000000009G
3
-----------Maze-----------
S200000090
0220090000
9929090000
0000000009
0909000900
0900090000
0009909000
0009000000
9000000009
000000009G
1
-----------Maze-----------
S200000090
0220090000
9929090000
0020000009
0909000900
0900090000
0009909000
0009000000
9000000009
000000009G
1
-----------Maze-----------
S200000090
0220090000
9929090000
0022000009
0909000900
0900090000
0009909000
0009000000
9000000009
000000009G
3
-----------Maze-----------
S200000090
0220090000
9929090000
0022200009
0909000900
0900090000
0009909000
0009000000
9000000009
000000009G
3
-----------Maze-----------
S200000090
0220090000
9929090000
0022200009
0909200900
0900090000
0009909000
0009000000
9000000009
000000009G
1
-----------Maze-----------
S200000090
0220090000
9929090000
0022200009
0909220900
0900090000
0009909000
0009000000
9000000009
000000009G
3
-----------Maze-----------
S200000090
0220090000
9929090000
0022200009
0909222900
0900090000
0009909000
0009000000
9000000009
000000009G
3
-----------Maze-----------
S200000090
0220090000
9929090000
0022200009
0909222900
0900092000
0009909000
0009000000
9000000009
000000009G
1
-----------Maze-----------
S200000090
0220090000
9929090000
0022200009
0909222900
0900092200
0009909000
0009000000
9000000009
000000009G
3
-----------Maze-----------
S200000090
0220090000
9929090000
0022200009
0909222900
0900092200
0009909200
0009000000
9000000009
000000009G
1
-----------Maze-----------
S200000090
0220090000
9929090000
0022200009
0909222900
0900092200
0009909200
0009000200
9000000009
000000009G
1
-----------Maze-----------
S200000090
0220090000
9929090000
0022200009
0909222900
0900092200
0009909200
0009000220
9000000009
000000009G
3
-----------Maze-----------
S000000000
9900000000
0000000000
0000000909
0000000909
0000900000
0000909000
9000900000
0009000000
000000900G
-1
-----------Maze-----------
S200000000
9900000000
0000000000
0000000909
0000000909
0000900000
0000909000
9000900000
0009000000
000000900G
3
-----------Maze-----------
S220000000
9900000000
0000000000
0000000909
0000000909
0000900000
0000909000
9000900000
0009000000
000000900G
3
-----------Maze-----------
S222000000
9900000000
0000000000
0000000909
0000000909
0000900000
0000909000
9000900000
0009000000
000000900G
3
-----------Maze-----------
S222000000
9902000000
0000000000
0000000909
0000000909
0000900000
0000909000
9000900000
0009000000
000000900G
1
-----------Maze-----------
S222000000
9902000000
0002000000
0000000909
0000000909
0000900000
0000909000
9000900000
0009000000
000000900G
1
-----------Maze-----------
S222000000
9902000000
0002000000
0002000909
0000000909
0000900000
0000909000
9000900000
0009000000
000000900G
1
-----------Maze-----------
S222000000
9902000000
0002000000
0002200909
0000000909
0000900000
0000909000
9000900000
0009000000
000000900G
3
-----------Maze-----------
S222000000
9902000000
0002000000
0002200909
0000200909
0000900000
0000909000
9000900000
0009000000
000000900G
1
-----------Maze-----------
S222000000
9902000000
0002000000
0002200909
0000220909
0000900000
0000909000
9000900000
0009000000
000000900G
3
-----------Maze-----------
S222000000
9902000000
0002000000
0002200909
0000220909
0000920000
0000909000
9000900000
0009000000
000000900G
1
-----------Maze-----------
S222000000
9902000000
0002000000
0002200909
0000220909
0000922000
0000909000
9000900000
0009000000
000000900G
3
-----------Maze-----------
S222000000
9902000000
0002000000
0002200909
0000220909
0000922200
0000909000
9000900000
0009000000
000000900G
3
-----------Maze-----------
S222000000
9902000000
0002000000
0002200909
0000220909
0000922200
0000909200
9000900000
0009000000
000000900G
1
-----------Maze-----------
S222000000
9902000000
0002000000
0002200909
0000220909
0000922200
0000909200
9000900200
0009000000
000000900G
1
-----------Maze-----------
S222000000
9902000000
0002000000
0002200909
0000220909
0000922200
0000909200
9000900220
0009000000
000000900G
3
-----------Maze-----------
S222000000
9902000000
0002000000
0002200909
0000220909
0000922200
0000909200
9000900220
0009000020
000000900G
1
-----------Maze-----------
S222000000
9902000000
0002000000
0002200909
0000220909
0000922200
0000909200
9000900220
0009000022
000000900G
3
